x y z
0 0 0 35.9
1 40000 40000 82.45
2 42920 41550 60.61
3 42730 40200 57.75
4 43020 41770 7.09
5 42550 40040 20.26
6 42670 43920 2.7
7 41530 41020 73.67
8 42040 42500 12.69
9 43340 44440 63.42
10 41650 41290 49.56
11 40390 41770 99.16
12 41240 42140 58.2
13 42790 41640 48.31
14 43690 40270 32.35
15 40650 44520 17.81
16 42160 44990 98.55
17 43730 42340 41.21
18 43910 44950 73.23
19 41110 44140 10.62
20 41390 42950 54.22
21 43840 43940 93.28
22 42780 42310 7.48
23 40060 42010 38.62
24 43260 44440 45.66
25 43030 42630 74.56
26 44420 43820 2.06
27 43580 40190 93.04
28 41290 42850 82.85
29 44420 43550 34.29
30 40540 40180 36.63
31 43530 43480 15.39
32 41060 41720 88.37
33 40210 42730 80.83
34 40730 44120 2.54
35 43360 40190 33.22
36 41750 44850 82.46
37 42730 40840 77.51
38 41200 40720 6.17
39 42510 40030 39.78
40 43320 44140 0.37
41 41490 43540 36.37
42 41580 42640 33.62
43 40830 41920 99.95
44 40370 43950 41.71
45 41240 40050 5.61
46 42500 44700 88.58
47 43420 43480 73.5
48 40130 44910 23.28
49 44340 44400 99.42
50 45000 45000 30.69
51 41611 42831 78.92
52 43786 44405 4.4
53 44311 43989 23.57
54 40025 44879 94.36
55 44355 43706 93.7
56 42937 43338 62.57
57 43520 40359 75.36
58 41927 44950 25.67
59 43550 44474 66.33
60 41602 43311 58.05
61 43920 42654 5.81
62 40543 41302 74.37
63 40064 42277 64.51
64 42948 42758 40.49
65 41281 44056 80.61
66 43155 42051 22.89
67 40486 40581 30.08
68 44759 43356 21.86
69 41669 44285 82.88
70 40783 44803 14.34
71 43287 41711 48.15
72 44864 40044 11.02
73 40301 42942 42.44
74 41668 40199 50.75
75 43148 41055 10.05
76 41744 40575 65.11
77 42289 42779 75.7
78 43998 41938 27.78
79 42563 41872 32.95
80 43985 41445 44.14
