x y z
0 0 0 35.9
1 40000 40000 82.45
2 42920 41550 60.61
3 42730 40200 57.75
4 43020 41770 7.09
5 42550 40040 20.26
6 42670 43920 2.7
7 41530 41020 73.67
8 42040 42500 12.69
9 43340 44440 63.42
10 41650 41290 49.56
11 40390 41770 99.16
12 41240 42140 58.2
13 42790 41640 48.31
14 43690 40270 32.35
15 40650 44520 17.81
16 42160 44990 98.55
17 43730 42340 41.21
18 43910 44950 73.23
19 41110 44140 10.62
20 41390 42950 54.22
21 43840 43940 93.28
22 42780 42310 7.48
23 40060 42010 38.62
24 43260 44440 45.66
25 43030 42630 74.56
26 44420 43820 2.06
27 43580 40190 93.04
28 41290 42850 82.85
29 44420 43550 34.29
30 40540 40180 36.63
31 43530 43480 15.39
32 41060 41720 88.37
33 40210 42730 80.83
34 40730 44120 2.54
35 43360 40190 33.22
36 41750 44850 82.46
37 42730 40840 77.51
38 41200 40720 6.17
39 42510 40030 39.78
40 43320 44140 0.37
41 41490 43540 36.37
42 41580 42640 33.62
43 40830 41920 99.95
44 40370 43950 41.71
45 41240 40050 5.61
46 42500 44700 88.58
47 43420 43480 73.5
48 40130 44910 23.28
49 44340 44400 99.42
50 45000 45000 30.69
51 41611 42831 19.94
52 43786 44405 13.92
53 44311 43989 54.75
54 40025 44879 72.46
55 44355 43706 18.32
56 42937 43338 92.27
57 43520 40359 63.49
58 41927 44950 1.95
59 43550 44474 94.22
60 41602 43311 93.5
