x y z
0 0 0 16.39
1 42820 43040 79.84
2 41400 41600 95.04
3 44220 43770 78.4
4 43680 42540 48.92
5 41480 44910 72.89
6 42480 44580 65.26
7 43230 44080 81.72
8 41590 43600 56.32
9 41690 41500 59.69
10 44380 40590 22.62
11 40800 42740 3.94
12 41900 44410 96.24
13 43420 42170 54.42
14 43800 43650 94.86
15 43550 44070 28.73
16 43100 43770 99.49
17 40440 44390 39.97
18 42760 41640 18.9
19 42070 42390 21.23
20 41610 44880 7.22
21 41760 41260 37.15
22 43190 40490 85.03
23 44010 43630 94.01
24 41300 43780 25.84
25 44010 44360 93.6
26 43420 40590 10.28
27 41540 41330 35.31
28 44150 44630 64.41
29 41650 40790 82.6
30 44470 44220 1.75
31 40550 42700 94.28
32 43800 44820 87.13
33 41510 42330 5.13
34 44360 42740 58.15
35 42860 42490 87.21
36 44810 44210 28.04
37 40510 44530 59.47
38 41090 42800 75.02
39 41640 40700 25.9
40 44400 40600 44.27
41 40120 41110 40.89
42 44420 42090 24.47
43 43480 43790 26.5
44 40520 42500 92.12
45 40070 42110 60.29
46 43330 42270 95.96
47 42300 40710 40.22
48 43870 40180 50.82
49 44840 43670 9.16
50 40560 40700 60.84
51 42099 40096 74.2
52 42694 44761 80.7
53 44867 43348 58.2
54 43758 42086 52.73
55 43516 41071 83.45
56 42572 43668 94.46
57 43527 42249 58.15
58 43925 41118 38.33
59 40292 43238 64.09
60 40945 44713 81.2
61 40703 40677 56.46
62 42170 40354 63.29
63 41058 40035 45.33
64 40393 41368 64.43
65 44247 41874 22.05
66 43953 41116 76.73
67 41821 40605 6.51
68 40473 42839 0.15
69 43606 41164 2.89
70 42542 44460 75.88
71 42061 42659 17.71
72 43051 43497 89.73
73 40398 42659 24.36
74 44805 42006 79.91
75 40582 42767 65.56
76 42325 44089 64.71
77 42808 42269 0.86
78 43339 42605 37.42
79 43770 44131 89.27
80 41894 42104 88.77
