x y z
0 0 0 83.55
1 1630 2380 73.55
2 3760 460 93.72
3 270 3910 1.46
4 4980 2900 1.01
5 1560 690 86.61
6 4770 340 33.44
7 4050 380 1.99
8 150 340 66.82
9 1720 820 27.74
10 4960 3110 20.13
11 4570 470 15.21
12 180 850 37.02
13 1580 1260 44.39
14 3570 4530 43.1
15 4260 3960 27.86
16 50 760 91.29
17 3070 2080 72.65
18 4690 1820 24.33
19 30 2890 67.68
20 50 2530 21.06
21 3600 270 5.81
22 1270 2600 58.15
23 3700 3440 29.06
24 2880 2630 21.65
25 4150 1700 61.92
26 3550 1070 50.14
27 2600 2230 36.36
28 470 890 91.61
29 2040 70 62.64
30 4040 2240 87.51
31 2600 3720 41.18
32 4940 1090 31.33
33 860 4800 47.99
34 2810 1140 24.94
35 2790 3380 38.69
36 4040 3960 97.74
37 1330 3870 61.29
38 1010 210 74.73
39 4410 860 33.76
40 4360 2150 9.05
41 3310 3620 95.18
42 2090 2630 47.7
43 900 2470 37.3
44 2550 4060 83.79
45 1370 4220 61.27
46 2450 4060 88.93
47 760 2240 81.54
48 4010 2070 5.53
49 410 2460 29.67
50 5000 5000 40.37
51 4488 2976 48.92
52 3799 3552 46.76
53 3088 2667 96.29
54 4823 176 61.81
55 4441 1862 34.38
56 1488 885 74.52
57 1516 4534 95.46
58 4847 3085 84.45
59 1589 2573 92.39
60 3065 1761 40.82
61 3233 1675 21.59
62 4123 4240 62.04
63 2703 237 0.61
64 3146 4335 49.68
65 1157 2908 33.14
66 1682 3825 77.01
67 1994 3533 25.29
68 4069 2316 30.14
69 3260 1574 61.23
70 348 649 58.42
