x y z
0 0 0 95.51
1 20000 20000 31.3
2 21760 24630 52.1
3 23700 21760 75.5
4 22670 22110 44.08
5 21600 21040 58.87
6 24750 24340 41.48
7 21420 22680 63.79
8 21830 22780 54.37
9 22610 20430 94.26
10 22990 20970 3.33
11 22480 22990 96.6
12 23700 20020 19.99
13 22330 21420 12.8
14 21090 22220 81.95
15 20490 24560 59.51
16 23970 23920 10.64
17 21070 20720 71.6
18 24560 20980 15.76
19 23820 23870 83.45
20 21410 24920 85.88
21 22670 24450 84.61
22 23080 23240 39.0
23 22600 20670 45.23
24 22070 22740 88.83
25 21940 20370 63.6
26 23100 22280 86.85
27 21120 23350 28.69
28 23300 23000 90.85
29 24490 21270 51.89
30 24280 23880 14.87
31 21440 20700 68.2
32 23840 23390 53.61
33 20060 20810 97.74
34 22160 23230 3.42
35 20700 22850 40.63
36 21780 20580 13.29
37 24780 23840 83.27
38 21390 23820 96.67
39 21330 21660 68.63
40 22080 21370 87.15
41 20940 23700 21.59
42 23850 23260 94.85
43 20420 23560 32.05
44 24150 24050 34.36
45 24550 22850 76.13
46 20180 23630 63.33
47 22180 21060 61.9
48 21220 23850 13.9
49 22730 23720 58.66
50 25000 25000 91.8
