x y z
0 0 0 77.6
1 23110 21890 96.72
2 22870 24680 64.84
3 23670 24740 64.13
4 24450 21580 42.11
5 24770 21400 39.12
6 24920 22460 58.01
7 24450 24410 66.18
8 20490 21660 20.93
9 24230 20170 90.25
10 20560 23720 80.77
11 24140 22670 34.99
12 21890 23250 92.89
13 20770 22680 60.2
14 23360 22240 5.91
15 23340 22170 3.49
16 20720 24060 41.72
17 21310 22620 14.82
18 21530 21250 16.93
19 23150 20630 76.41
20 23350 22110 8.53
21 24560 22060 19.66
22 24850 24600 95.78
23 21440 20740 8.9
24 23000 23280 32.88
25 21240 21790 11.02
26 22110 21350 56.97
27 23200 21080 99.57
28 21130 23040 3.04
29 23080 24100 26.68
30 21690 24180 16.37
