x y z
0 0 0 77.6
1 23110 21890 96.72
2 22870 24680 64.84
3 23670 24740 64.13
4 24450 21580 42.11
5 24770 21400 39.12
6 24920 22460 58.01
7 24450 24410 66.18
8 20490 21660 20.93
9 24230 20170 90.25
10 20560 23720 80.77
11 24140 22670 34.99
12 21890 23250 92.89
13 20770 22680 60.2
14 23360 22240 5.91
15 23340 22170 3.49
16 20720 24060 41.72
17 21310 22620 14.82
18 21530 21250 16.93
19 23150 20630 76.41
20 23350 22110 8.53
21 24560 22060 19.66
22 24850 24600 95.78
23 21440 20740 8.9
24 23000 23280 32.88
25 21240 21790 11.02
26 22110 21350 56.97
27 23200 21080 99.57
28 21130 23040 3.04
29 23080 24100 26.68
30 21690 24180 16.37
31 24760 22720 85.9
32 24340 21040 33.79
33 24100 21080 59.58
34 22380 21530 24.43
35 20040 24850 19.63
36 21570 24960 84.39
37 24970 21340 39.55
38 23470 23520 8.93
39 23700 23590 49.06
40 21110 20130 46.51
41 20710 24220 39.86
42 22110 21080 57.5
43 20130 24800 5.37
44 20160 24210 40.31
45 24390 21160 2.08
46 23780 23240 48.97
47 22840 20710 43.83
48 20070 23090 88.97
49 24860 24790 43.1
50 24780 20780 12.77
51 24820 21582 94.69
52 20930 20315 33.01
53 21472 24933 27.66
54 21747 23542 53.01
55 24204 20329 5.08
56 20215 23703 17.54
57 21315 22212 25.49
58 20785 21488 8.28
59 20489 23039 84.44
60 23819 24084 30.85
