x y z
0 0 0 0.9
1 4200 1320 98.71
2 3680 510 25.52
3 2110 2820 94.52
4 1320 4990 28.7
5 2390 4220 29.06
6 1760 3280 25.8
7 3840 1090 81.42
8 4500 3250 17.81
9 230 20 6.82
10 3200 2890 51.96
11 4260 1410 83.87
12 4300 170 82.97
13 4970 4880 38.39
14 810 520 42.05
15 1740 4010 13.52
16 1960 330 53.21
17 3630 610 85.0
18 3000 3960 71.89
19 2100 3460 19.71
20 3500 30 10.44
21 1810 3290 87.91
22 2730 3920 45.89
23 4970 3140 45.08
24 2780 2910 12.19
25 70 1160 20.62
26 1050 2280 81.67
27 3870 90 6.98
28 2210 3370 92.33
29 1600 900 38.45
30 440 60 29.94
