x y z
0 0 0 16.39
1 42820 43040 79.84
2 41400 41600 95.04
3 44220 43770 78.4
4 43680 42540 48.92
5 41480 44910 72.89
6 42480 44580 65.26
7 43230 44080 81.72
8 41590 43600 56.32
9 41690 41500 59.69
10 44380 40590 22.62
11 40800 42740 3.94
12 41900 44410 96.24
13 43420 42170 54.42
14 43800 43650 94.86
15 43550 44070 28.73
16 43100 43770 99.49
17 40440 44390 39.97
18 42760 41640 18.9
19 42070 42390 21.23
20 41610 44880 7.22
21 41760 41260 37.15
22 43190 40490 85.03
23 44010 43630 94.01
24 41300 43780 25.84
25 44010 44360 93.6
26 43420 40590 10.28
27 41540 41330 35.31
28 44150 44630 64.41
29 41650 40790 82.6
30 44470 44220 1.75
