x y z
0 0 0 75.27
1 24020 24910 98.64
2 20450 23400 16.77
3 24660 20510 79.38
4 21370 20600 71.31
5 20150 23500 62.51
6 24960 22320 55.45
7 21150 22950 55.5
8 20120 20420 91.22
9 22060 24650 55.31
10 21010 20890 79.46
11 21270 24060 43.06
12 22450 23710 79.27
13 20730 21390 55.66
14 24960 23470 37.01
15 20270 21590 28.47
16 20480 20370 22.54
17 22550 20520 71.87
18 24600 24970 89.56
19 23040 23460 68.89
20 23450 22070 87.28
21 20150 23110 96.63
22 21860 22760 74.37
23 20030 20730 60.85
24 22900 22660 35.17
25 24190 23400 31.79
26 21060 22040 58.41
27 23620 21350 13.78
28 21920 20590 37.87
29 21620 23110 67.04
30 22590 20090 61.11
31 21390 21110 29.56
32 24710 20150 53.81
33 21010 21530 43.4
34 22420 23680 82.86
35 22800 20700 45.33
36 20750 24470 74.89
37 20630 20630 38.17
38 21630 22200 22.93
39 20240 24170 68.88
40 21860 24000 57.86
41 21710 20560 97.48
42 20600 24300 10.24
43 24790 24110 87.76
44 24450 24640 91.8
45 23820 23780 16.29
46 24140 21870 60.94
47 21890 21770 17.36
48 20380 20680 20.13
49 22650 20980 86.8
50 24520 23330 80.91
51 23007 24589 83.31
52 20934 20552 53.39
53 20929 23225 11.23
54 21254 24394 61.81
55 22880 22735 40.34
56 22510 22885 83.62
57 21351 22346 29.83
58 21594 24193 60.35
59 23017 24195 22.69
60 24066 24995 4.64
