x y z
0 0 0 0.9
1 4200 1320 98.71
2 3680 510 25.52
3 2110 2820 94.52
4 1320 4990 28.7
5 2390 4220 29.06
6 1760 3280 25.8
7 3840 1090 81.42
8 4500 3250 17.81
9 230 20 6.82
10 3200 2890 51.96
11 4260 1410 83.87
12 4300 170 82.97
13 4970 4880 38.39
14 810 520 42.05
15 1740 4010 13.52
16 1960 330 53.21
17 3630 610 85.0
18 3000 3960 71.89
19 2100 3460 19.71
20 3500 30 10.44
21 1810 3290 87.91
22 2730 3920 45.89
23 4970 3140 45.08
24 2780 2910 12.19
25 70 1160 20.62
26 1050 2280 81.67
27 3870 90 6.98
28 2210 3370 92.33
29 1600 900 38.45
30 440 60 29.94
31 3510 900 92.28
32 2740 2230 73.02
33 2300 4100 48.06
34 1170 3090 79.55
35 2270 1080 22.31
36 3920 1420 3.44
37 250 1820 43.32
38 3130 4930 24.2
39 1830 3760 99.12
40 2230 150 32.29
41 2540 4170 6.82
42 2000 1140 73.96
43 4780 4820 27.26
44 1190 500 60.3
45 1340 3720 18.43
46 1950 3230 84.72
47 3820 1350 7.96
48 1270 3810 11.56
49 1680 4650 53.92
50 560 3850 8.14
51 1258 4740 28.48
52 2263 1069 69.27
53 1544 1481 50.36
54 2074 4225 49.71
55 527 4548 16.58
56 635 3527 42.51
57 3173 4680 46.13
58 1739 3980 99.37
59 4156 3449 21.03
60 3470 301 47.86
61 88 590 91.5
62 4689 2160 7.86
63 1857 1940 29.08
64 877 4026 58.75
65 1357 4380 77.46
66 2617 159 15.58
67 401 4051 73.18
68 4815 2083 84.47
69 1295 1464 25.87
70 4905 2025 29.27
71 1651 2788 87.13
72 1758 1297 20.7
73 130 2431 49.98
74 1620 3453 25.14
75 1036 4237 74.44
76 567 2205 19.84
77 3122 4423 44.9
78 3231 4544 9.37
79 1740 2834 21.4
80 4996 4386 52.16
