x y z
0 0 0 78.85
1 3070 2610 99.09
2 1620 3730 91.21
3 1650 1110 98.15
4 3850 470 28.21
5 2520 1990 34.27
6 4520 3010 83.28
7 2380 2250 54.62
8 2910 750 13.85
9 1010 3410 77.32
10 3930 90 59.8
11 4140 1470 68.53
12 2300 2960 95.7
13 4490 1040 33.04
14 3500 350 39.14
15 4600 2850 75.47
16 3130 2960 15.22
17 4440 630 98.35
18 370 1320 20.46
19 3490 1180 2.29
20 3430 1010 66.85
21 3740 1680 46.83
22 2560 3510 93.8
23 1170 4450 86.94
24 820 1660 31.57
25 2200 590 50.25
26 2040 3660 52.56
27 1290 3640 61.87
28 2940 2830 65.43
29 360 3460 17.36
30 4490 3980 20.37
