x y z
0 0 0 83.55
1 1630 2380 73.55
2 3760 460 93.72
3 270 3910 1.46
4 4980 2900 1.01
5 1560 690 86.61
6 4770 340 33.44
7 4050 380 1.99
8 150 340 66.82
9 1720 820 27.74
10 4960 3110 20.13
11 4570 470 15.21
12 180 850 37.02
13 1580 1260 44.39
14 3570 4530 43.1
15 4260 3960 27.86
16 50 760 91.29
17 3070 2080 72.65
18 4690 1820 24.33
19 30 2890 67.68
20 50 2530 21.06
21 3600 270 5.81
22 1270 2600 58.15
23 3700 3440 29.06
24 2880 2630 21.65
25 4150 1700 61.92
26 3550 1070 50.14
27 2600 2230 36.36
28 470 890 91.61
29 2040 70 62.64
30 4040 2240 87.51
