x y z
0 0 0 53.78
1 41480 43260 93.35
2 40340 41550 88.01
3 42280 43270 64.65
4 42800 44880 46.61
5 41860 40800 65.17
6 44580 43130 97.05
7 41980 43760 60.47
8 42110 41970 70.29
9 41690 42280 87.11
10 42740 43190 84.16
11 40860 43330 19.54
12 43830 44090 61.47
13 41280 41580 69.87
14 45000 40740 24.52
15 41930 41550 38.72
16 44550 43380 92.97
17 44610 42480 96.9
18 40370 43800 3.8
19 43850 43510 23.96
20 44790 43560 30.22
21 41400 43090 81.45
22 40040 44090 66.41
23 41430 41520 83.44
24 42970 41580 82.66
25 42750 43590 64.69
26 43780 43300 55.37
27 42670 43350 29.15
28 40500 41230 29.06
29 40650 44190 62.74
30 43990 44970 15.46
31 42440 40390 94.91
32 44470 44430 21.51
33 44450 40560 5.81
34 43990 44290 91.27
35 42150 42790 95.27
36 41880 40370 94.53
37 40830 40490 43.33
38 41550 40690 21.57
39 44030 43680 77.64
40 41630 40770 32.2
41 44380 44520 64.07
42 40880 40230 19.19
43 41980 40750 62.28
44 41580 43030 3.17
45 40020 42240 4.17
46 43500 42360 12.14
47 44850 40440 4.02
48 43390 41170 90.42
49 42210 43450 8.76
50 43140 42750 83.99
51 44113 42033 5.01
52 44112 42133 69.85
53 43520 43728 43.26
54 41121 44659 47.17
55 44311 44099 49.92
56 42584 43598 67.27
57 42305 40218 2.35
58 43763 43564 96.7
59 42462 44837 89.92
60 43894 40343 23.03
61 41325 42179 24.84
62 42683 43807 79.13
63 43863 43491 55.13
64 40330 44171 74.12
65 42127 42263 12.38
66 41191 43688 17.86
67 40171 43440 88.86
68 42247 41502 69.0
69 43644 44988 56.98
70 40372 43262 72.12
