x y z
0 0 0 78.85
1 3070 2610 99.09
2 1620 3730 91.21
3 1650 1110 98.15
4 3850 470 28.21
5 2520 1990 34.27
6 4520 3010 83.28
7 2380 2250 54.62
8 2910 750 13.85
9 1010 3410 77.32
10 3930 90 59.8
11 4140 1470 68.53
12 2300 2960 95.7
13 4490 1040 33.04
14 3500 350 39.14
15 4600 2850 75.47
16 3130 2960 15.22
17 4440 630 98.35
18 370 1320 20.46
19 3490 1180 2.29
20 3430 1010 66.85
21 3740 1680 46.83
22 2560 3510 93.8
23 1170 4450 86.94
24 820 1660 31.57
25 2200 590 50.25
26 2040 3660 52.56
27 1290 3640 61.87
28 2940 2830 65.43
29 360 3460 17.36
30 4490 3980 20.37
31 4130 1500 17.89
32 4690 1070 55.04
33 3260 2880 96.97
34 1470 1580 92.83
35 3370 50 71.05
36 3430 470 18.11
37 1580 2890 25.33
38 520 780 22.0
39 3660 960 11.64
40 3740 3440 1.96
41 1490 4700 36.6
42 110 1890 54.05
43 1360 100 57.4
44 390 3220 40.34
45 240 4330 34.28
46 1690 3030 36.54
47 60 2930 18.84
48 4610 910 68.81
49 270 3840 6.28
50 1360 4810 75.11
51 1679 1384 20.09
52 46 665 32.97
53 3884 2470 14.33
54 4506 2151 18.03
55 612 4550 44.41
56 3105 2122 70.52
57 655 4502 86.71
58 1156 1324 93.56
59 3588 307 4.89
60 175 1479 31.94
61 2806 3824 72.14
62 3556 4261 98.34
63 3934 3209 98.72
64 4245 712 7.03
65 3958 1824 8.29
66 608 2986 99.78
67 1156 4235 4.95
68 136 1618 18.8
69 3832 394 83.78
70 3974 1055 83.76
71 3530 3925 73.9
72 4691 4809 80.94
73 1087 3113 47.14
74 1947 3813 80.88
75 3149 986 22.93
76 3389 3452 78.62
77 536 3033 34.72
78 3428 696 1.76
79 1635 4759 0.05
80 308 2419 3.47
