x y z
0 0 0 78.85
1 3070 2610 99.09
2 1620 3730 91.21
3 1650 1110 98.15
4 3850 470 28.21
5 2520 1990 34.27
6 4520 3010 83.28
7 2380 2250 54.62
8 2910 750 13.85
9 1010 3410 77.32
10 3930 90 59.8
11 4140 1470 68.53
12 2300 2960 95.7
13 4490 1040 33.04
14 3500 350 39.14
15 4600 2850 75.47
16 3130 2960 15.22
17 4440 630 98.35
18 370 1320 20.46
19 3490 1180 2.29
20 3430 1010 66.85
21 3740 1680 46.83
22 2560 3510 93.8
23 1170 4450 86.94
24 820 1660 31.57
25 2200 590 50.25
26 2040 3660 52.56
27 1290 3640 61.87
28 2940 2830 65.43
29 360 3460 17.36
30 4490 3980 20.37
31 4130 1500 17.89
32 4690 1070 55.04
33 3260 2880 96.97
34 1470 1580 92.83
35 3370 50 71.05
36 3430 470 18.11
37 1580 2890 25.33
38 520 780 22.0
39 3660 960 11.64
40 3740 3440 1.96
41 1490 4700 36.6
42 110 1890 54.05
43 1360 100 57.4
44 390 3220 40.34
45 240 4330 34.28
46 1690 3030 36.54
47 60 2930 18.84
48 4610 910 68.81
49 270 3840 6.28
50 1360 4810 75.11
51 1679 1384 74.4
52 46 665 40.84
53 3884 2470 11.32
54 4506 2151 13.52
55 612 4550 43.78
56 3105 2122 49.14
57 655 4502 25.24
58 1156 1324 90.21
59 3588 307 0.74
60 175 1479 5.05
61 2806 3824 38.25
62 3556 4261 21.03
63 3934 3209 76.11
64 4245 712 51.69
65 3958 1824 63.75
66 608 2986 82.74
67 1156 4235 3.68
68 136 1618 9.23
69 3832 394 34.94
70 3974 1055 29.65
