x y z
0 0 0 95.51
1 20000 20000 31.3
2 21760 24630 52.1
3 23700 21760 75.5
4 22670 22110 44.08
5 21600 21040 58.87
6 24750 24340 41.48
7 21420 22680 63.79
8 21830 22780 54.37
9 22610 20430 94.26
10 22990 20970 3.33
11 22480 22990 96.6
12 23700 20020 19.99
13 22330 21420 12.8
14 21090 22220 81.95
15 20490 24560 59.51
16 23970 23920 10.64
17 21070 20720 71.6
18 24560 20980 15.76
19 23820 23870 83.45
20 21410 24920 85.88
21 22670 24450 84.61
22 23080 23240 39.0
23 22600 20670 45.23
24 22070 22740 88.83
25 21940 20370 63.6
26 23100 22280 86.85
27 21120 23350 28.69
28 23300 23000 90.85
29 24490 21270 51.89
30 24280 23880 14.87
